86.133
0.78041
0.042449
0
9.1104e-06
0
0
0
0.00016181
0.0026908
0.0005404
0
0
0
0
0
0
0
0
0
0
0
0
0
0
0
0
0
0
0
0
0
0.31737
0.97303
0.12657
0
0
5.2661e-07
0
0
3.3615e-07
0.0019323
0.0017982
0
0
0
0
0
0
0
0
0
0
0
0
0
0
0
0
0
0
0
0
0
0.086677
0.97051
0.3584
0
0
0
0
0
0
0.00095717
0.002622
0
0
0
0
0
0
0
0
0
0
0
0
0
0
0
0
0
0
0
0
0
0
0
0
0
0
0
0
0
0
0
0
0.055169
0.93876
0.4356
0
0
0
0
0
0
0.0007815
0.0027229
0
0
0
0
0
0
0
0
0
0
0
0
0
0
0
0
0
0
0
0
0
7.2031e-05
0.67784
0.74876
0.036078
0
2.4318e-06
0
0
0
0.000203
0.0027381
0.00037882
0
0
0
0
0
0
0
0
0
0
0
0
0
0
0
0
0
0
0
0
0
0.35195
0.9592
0.10869
0
0
5.8128e-07
0
0
1.9915e-06
0.0020493
0.0016672
0
0
0
0
0
0
0
0
0
0
0
0
0
0
0
0
0
0
0
0
0
0.10643
0.98271
0.31701
0
0
0
0
0
0
0.0010522
0.0025559
0
0
0
0
0
0
0
0
0
0
0
0
0
0
0
0
0
0
0
0
0
0.0049043
0.78115
0.65364
0.018735
0
0
0
8.263e-08
0
0.00034983
0.0028134
0
0
0
0
0
0
0
0
0
0
0
0
0
0
0
0
0
0
0
0
0
0
0
0
0
0
0
0
0
0
0
0
0.00066112
0.71208
0.71941
0.03047
0
4.9769e-07
0
0
5.0277e-08
0.00024647
0.0027712
0.00023436
0
0
0
0
0
0
0
0
0
0
0
0
0
0
0
0
0
0
0
0
0
0.38765
0.94278
0.090902
0
0
5.1134e-07
0
0
7.3822e-06
0.0021599
0.001531
0
0
0
0
0
0
0
0
0
0
0
0
0
0
0
0
0
0
0
0
0
0.12828
0.99168
0.27538
0
0
0
0
0
0
0.0011595
0.0024813
0
0
0
0
0
0
0
0
0
0
0
0
0
0
0
0
0
0
0
0
0
0.0093251
0.81495
0.61717
0.012632
0
0
0
3.7634e-08
0
0.00041917
0.0028209
0
0
0
0
0
0
0
0
0
0
0
0
0
0
0
0
0
0
0
0
0
0
0.49139
0.88467
0.067027
0
0
0
0
0
4.5554e-05
0.0024288
0.0011297
0
0
0
0
0
0
0
0
0
0
0
0
0
0
0
0
0
0
0
0
0
0
0
0
0
0
0
0
0
0
0
0
0.42019
0.92611
0.079715
0
0
0
0
0
1.5323e-05
0.0022526
0.001406
0
0
0
0
0
0
0
0
0
0
0
0
0
0
0
0
0
0
0
0
0
0.15216
0.99744
0.23476
0
0
0
0
0
0
0.0012674
0.0023984
0
0
0
0
0
0
0
0
0
0
0
0
0
0
0
0
0
0
0
0
0
0.015509
0.84645
0.57971
0.0066109
0
0
3.2141e-08
0
0
0.00049038
0.0028178
0
0
0
0
0
0
0
0
0
0
0
0
0
0
0
0
0
0
0
0
0
0
0.52993
0.85966
0.06045
0
0
0
0
0
6.8632e-05
0.0025101
0.00097809
0
0
0
0
0
0
0
0
0
0
0
0
0
0
0
0
0
0
0
0
0
0.22841
0.99683
0.17649
0
0
0
0
9.2404e-08
0
0.0015926
0.002128
0
0
0
0
0
0
0
0
0
0
0
0
0
0
0
0
0
0
0
0
0
0
0
0
0
0
0
0
0
0
0
0
0.17502
0.99987
0.21063
0
0
0
0
0
3.438e-08
0.0013641
0.0023185
0
0
0
0
0
0
0
0
0
0
0
0
0
0
0
0
0
0
0
0
0
0.023599
0.87539
0.54136
0.0006778
0
0
1.9301e-07
0
0
0.00056253
0.0028039
0
0
0
0
0
0
0
0
0
0
0
0
0
0
0
0
0
0
0
0
0
0
0.56887
0.83271
0.053921
0
1.4e-06
0
0
0
9.6636e-05
0.0025831
0.00082303
0
0
0
0
0
0
0
0
0
0
0
0
0
0
0
0
0
0
0
0
0
0.25912
0.99083
0.15849
0
0
0
0
9.4727e-08
6.2e-10
0.0017157
0.0020156
0
0
0
0
0
0
0
0
0
0
0
0
0
0
0
0
0
0
0
0
0
0.05681
0.94094
0.43111
0
0
4.9441e-07
0
0
0
0.00079092
0.0027179
0
0
0
0
0
0
0
0
0
0
0
0
0
0
0
0
0
0
0
0
0
0
0
0
0
0
0
0
0
0
0
0
0.032472
0.89882
0.50663
0
0
3.4824e-07
0
0
0
0.00062775
0.0027839
0
0
0
0
0
0
0
0
0
0
0
0
0
0
0
0
0
0
0
0
0
0
0.60805
0.80395
0.047446
0
0
0
0
0
0.00012897
0.0026473
0.00066497
0
0
0
0
0
0
0
0
0
0
0
0
0
0
0
0
0
0
0
0
0
0.29134
0.98191
0.14051
0
0
0
0
7.6714e-08
1.4838e-07
0.0018384
0.001896
0
0
0
0
0
0
0
0
0
0
0
0
0
0
0
0
0
0
0
0
0
0.072774
0.9588
0.39037
0
0
1.6412e-07
0
0
0
0.00088294
0.0026675
0
0
0
0
0
0
0
0
0
0
0
0
0
0
0
0
0
0
0
0
0
0.00078561
0.7163
0.71566
0.029772
0
2.7501e-07
0
0
0
0.00025282
0.0027748
0.00021627
0
0
0
0
0
0
0
0
0
0
0
0
0
0
0
0
0
0
0
0
0
0
0
0
0
0
0
0
0
0
0
0
0.64298
0.77697
0.041738
0
1.4783e-05
0
0
0
0.00016623
0.0026966
0.00052252
0
0
0
0
0
0
0
0
0
0
0
0
0
0
0
0
0
0
0
0
0
0.32495
0.97019
0.12259
0
0
0
0
5.0034e-08
4.1036e-07
0.0019588
0.0017696
0
0
0
0
0
0
0
0
0
0
0
0
0
0
0
0
0
0
0
0
0
0.090885
0.9735
0.34923
0
0
0
0
0
0
0.000977
0.002608
0
0
0
0
0
0
0
0
0
0
0
0
0
0
0
0
0
0
0
0
0
0.0025719
0.75344
0.68124
0.023535
0
4.4864e-08
0
0
0
0.00030457
0.002801
5.3318e-05
0
0
0
0
0
0
0
0
0
0
0
0
0
0
0
0
0
0
0
0
0
0.42431
0.9239
0.078828
0
0
3.7183e-07
0
0
1.6557e-05
0.0022637
0.0013901
0
0
0
0
0
0
0
0
0
0
0
0
0
0
0
0
0
0
0
0
0
0
0
0
0
0
0
0
0
0
0
0
0.35586
0.9575
0.10671
0
0
0
1.3602e-07
0
2.5279e-06
0.0020619
0.0016523
0
0
0
0
0
0
0
0
0
0
0
0
0
0
0
0
0
0
0
0
0
0.11111
0.98498
0.30778
0
0
0
0
0
0
0.0010742
0.0025401
0
0
0
0
0
0
0
0
0
0
0
0
0
0
0
0
0
0
0
0
0
0.0057421
0.78885
0.64563
0.017372
0
1.2654e-08
0
0
3.4527e-08
0.00036656
0.0028159
0
0
0
0
0
0
0
0
0
0
0
0
0
0
0
0
0
0
0
0
0
0
0.46178
0.90269
0.072174
0
0
1.9372e-07
0
0
3.0587e-05
0.0023595
0.0012451
0
0
0
0
0
0
0
0
0
0
0
0
0
0
0
0
0
0
0
0
0
0.17799
1
0.20852
0
0
0
0
0
0
0.0013778
0.0023081
0
0
0
0
0
0
0
0
0
0
0
0
0
0
0
0
0
0
0
0
0
0
0
0
0
0
0
0
0
0
0
0
0.13084
0.99248
0.27075
0
0
0
0
0
0
0.0011712
0.0024725
0
0
0
0
0
0
0
0
0
0
0
0
0
0
0
0
0
0
0
0
0
0.010543
0.82216
0.60893
0.011286
0
1.8873e-09
0
0
5.991e-08
0.00043628
0.0028212
0
0
0
0
0
0
0
0
0
0
0
0
0
0
0
0
0
0
0
0
0
0
0
0
