86.133
0.78051
0.042454
0
9.1116e-06
0
0
0
0.00016183
0.0026912
0.00054047
0
0
0
0
0
0
0
0
0
0
0
0
0
0
0
0
0
0
0
0
0
0.31741
0.97315
0.12658
0
0
5.2668e-07
0
0
3.3619e-07
0.0019325
0.0017984
0
0
0
0
0
0
0
0
0
0
0
0
0
0
0
0
0
0
0
0
0
0
0
0
0
0
0
0
0
0
0
0
0.25566
0.99177
0.16051
0
0
0
1.7212e-07
0
1.0261e-10
0.0017018
0.0020288
0
0
0
0
0
0
0
0
0
0
0
0
0
0
0
0
0
0
0
0
0
0.055176
0.93888
0.43566
0
0
0
0
0
0
0.0007816
0.0027233
0
0
0
0
0
0
0
0
0
0
0
0.42025
0.92623
0.079725
0
0
0
0
0
1.5324e-05
0.0022529
0.0014062
0
0
0
0
0
0
0
0
0
0
0
0
0
0
0
0
0
0
0
0
0
0
0
0
0
0
0
0
0
0
0
0
0.35199
0.95932
0.10871
0
0
5.8136e-07
0
0
1.9917e-06
0.0020496
0.0016674
0
0
0
0
0
0
0
0
0
0
0
0
0
0
0
0
0
0
0
0
0
0.10645
0.98284
0.31705
0
0
0
0
0
0
0.0010523
0.0025563
0
0
0
0
0
0
0
0
0
0
0
0
0
0
0
0
0
0
0
0
0
0
0
0
0
0
0
0
0
0
0
0
0.070903
0.9571
0.39496
0
0
0
0
0
0
0.00087339
0.0026739
0
0
0
0
0
0
0
0
0
0
0
0
0
0
0
0
0
0
0
0
0
0.0006612
0.71217
0.7195
0.030474
0
4.9776e-07
0
0
5.0283e-08
0.0002465
0.0027716
0.00023439
0
0
0
0
0
0
0
0
0
0
0.17504
1
0.21066
0
0
0
0
0
3.4384e-08
0.0013642
0.0023188
0
0
0
0
0
0
0
0
0
0
0
0
0
0
0
0
0
0
0
0
0
0
0
0
0
0
0
0
0
0
0
0
0.1283
0.99181
0.27542
0
0
0
0
0
0
0.0011597
0.0024816
0
0
0
0
0
0
0
0
0
0
0
0
0
0
0
0
0
0
0
0
0
0.0093263
0.81506
0.61725
0.012633
0
0
0
3.7639e-08
0
0.00041923
0.0028213
0
0
0
0
0
0
0
0
0
0
0
0
0
0
0
0
0
0
0
0
0
0
0
0
0
0
0
0
0
0
0
0
0.0023101
0.74949
0.68522
0.024228
0
6.0971e-08
0
0
2.8708e-08
0.00029771
0.0027991
7.1439e-05
0
0
0
0
0
0
0
0
0
0
0
0
0
0
0
0
0
0
0
0
0
0.42025
0.92623
0.079725
0
0
0
0
0
1.5324e-05
0.0022529
0.0014062
0
0
0
0
0
0
0
0
0
0
0.032477
0.89894
0.50669
0
0
3.4829e-07
0
0
0
0.00062783
0.0027842
0
0
0
0
0
0
0
0
0
0
0
0
0
0
0
0
0
0
0
0
0
0
0
0
0
0
0
0
0
0
0
0
0.015511
0.84656
0.57978
0.0066118
0
0
3.2145e-08
0
0
0.00049044
0.0028181
0
0
0
0
0
0
0
0
0
0
0
0
0
0
0
0
0
0
0
0
0
0
0.53
0.85977
0.060457
0
0
0
0
0
6.8641e-05
0.0025104
0.00097821
0
0
0
0
0
0
0
0
0
0
0
0
0
0
0
0
0
0
0
0
0
0
0
0
0
0
0
0
0
0
0
0
0.45764
0.90527
0.072921
0
0
0
0
0
2.884e-05
0.0023496
0.0012616
0
0
0
0
0
0
0
0
0
0
0
0
0
0
0
0
0
0
0
0
0
0.17504
1
0.21066
0
0
0
0
0
3.4384e-08
0.0013642
0.0023188
0
0
0
0
0
0
0
0
0
0
0
0.64306
0.77707
0.041743
0
1.4785e-05
0
0
0
0.00016625
0.0026969
0.00052259
0
0
0
0
0
0
0
0
0
0
0
0
0
0
0
0
0
0
0
0
0
0
0
0
0
0
0
0
0
0
0
0
0.56894
0.83282
0.053928
0
1.4002e-06
0
0
0
9.6649e-05
0.0025835
0.00082313
0
0
0
0
0
0
0
0
0
0
0
0
0
0
0
0
0
0
0
0
0
0.25915
0.99096
0.15851
0
0
0
0
9.4739e-08
6.2007e-10
0.0017159
0.0020159
0
0
0
0
0
0
0
0
0
0
0
0
0
0
0
0
0
0
0
0
0
0
0
0
0
0
0
0
0
0
0
0
0.20253
0.99976
0.19253
0
0
0
0
0
4.6752e-08
0.0014849
0.0022216
0
0
0
0
0
0
0
0
0
0
0
0
0
0
0
0
0
0
0
0
0
0.032477
0.89894
0.50669
0
0
3.4829e-07
0
0
0
0.00062783
0.0027842
0
0
0
0
0
0
0
0
0
0
0
0.35591
0.95762
0.10673
0
0
0
1.3604e-07
0
2.5282e-06
0.0020621
0.0016526
0
0
0
0
0
0
0
0
0
0
0
0
0
0
0
0
0
0
0
0
0
0
0
0
0
0
0
0
0
0
0
0
0.29138
0.98204
0.14053
0
0
0
0
7.6723e-08
1.484e-07
0.0018387
0.0018962
0
0
0
0
0
0
0
0
0
0
0
0
0
0
0
0
0
0
0
0
0
0.072784
0.95893
0.39042
0
0
1.6414e-07
0
0
0
0.00088306
0.0026678
0
0
0
0
0
0
0
0
0
0
0
0
0
0
0
0
0
0
0
0
0
0
0
0
0
0
0
0
0
0
0
0
0.044419
0.92258
0.46696
0
0
7.8993e-07
0
0
0
0.00071114
0.0027539
0
0
0
0
0
0
0
0
0
0
0
0
0
0
0
0
0
0
0
0
0
0
0.64306
0.77707
0.041743
0
1.4785e-05
0
0
0
0.00016625
0.0026969
0.00052259
0
0
0
0
0
0
0
0
0
0
0.13085
0.99261
0.27078
0
0
0
0
0
0
0.0011713
0.0024728
0
0
0
0
0
0
0
0
0
0
0
0
0
0
0
0
0
0
0
0
0
0
0
0
0
0
0
0
0
0
0
0
0.090896
0.97362
0.34927
0
0
0
0
0
0
0.00097712
0.0026083
0
0
0
0
0
0
0
0
0
0
0
0
0
0
0
0
0
0
0
0
0
0.0025722
0.75354
0.68133
0.023538
0
4.487e-08
0
0
0
0.00030461
0.0028014
5.3325e-05
0
0
0
0
0
0
0
0
0
0
0
0
0
0
0
0
0
0
0
0
0
0
0
0
0
0
0
0
0
0
0
0.00010945
0.68225
0.74525
0.035379
0
4.8645e-06
0
0
0
0.00020853
0.002743
0.00036084
0
0
0
0
0
0
0
0
0
0
0
0
0
0
0
0
0
0
0
0
0
0.35591
0.95762
0.10673
0
0
0
1.3604e-07
0
2.5282e-06
0.0020621
0.0016526
0
0
0
0
0
0
0
0
0
0
0.016313
0.8499
0.57556
0.005948
0
0
0
1.116e-07
0
0.000499
0.0028171
0
0
0
0
0
0
0
0
0
0
0
0
0
0
0
0
0
0
0
0
0
0
0
0
0
0
0
0
0
0
0
0
0.0057428
0.78895
0.64571
0.017374
0
1.2655e-08
0
0
3.4532e-08
0.0003666
0.0028163
0
0
0
0
0
0
0
0
0
0
0
0
0
0
0
0
0
0
0
0
0
0
0.46184
0.9028
0.072183
0
0
1.9374e-07
0
0
3.0591e-05
0.0023598
0.0012453
0
0
0
0
0
0
0
0
0
0
0
0
0
0
0
0
0
0
0
0
0
0
0
0
0
0
0
0
0
0
0
0
0.39173
0.94092
0.089302
0
0
0
7.9136e-08
0
8.5028e-06
0.002172
0.0015157
0
0
0
0
0
0
0
0
0
0
0
0
0
0
0
0
0
0
0
0
0
0.13085
0.99261
0.27078
0
0
0
0
0
0
0.0011713
0.0024728
0
0
0
0
0
0
0
0
0
0
0
0.57328
0.82971
0.053206
0
8.5776e-07
0
0
0
9.9275e-05
0.0025911
0.00080571
0
0
0
0
0
0
0
0
0
0
0
0
0
0
0
0
0
0
0
0
0
0
0
0
0
0
0
0
0
0
0
0
0
0
